(5,5)
(6,4)
||----(7,3)
||      ||----(8,2)
||      ||----(8,3)
||      ||      ||----(9,3)
||      ||      ||----(9,4)
||      ||      ||----(9,2)
||      ||----(8,6)
||      ||----(8,4)
||      ||      ||----(9,5)
||      ||      ||      ||----(9,6)
||----(5,4)
||      ||----(4,5)
||      ||----(4,4)
||      ||      ||----(3,3)
||      ||      ||----(6,6)
||      ||      ||----(3,4)
||      ||      ||----(3,5)
||      ||      ||      ||----(2,6)
||      ||      ||      ||----(2,1)
||      ||      ||      ||----(2,5)
||      ||      ||      ||      ||----(3,7)
||      ||      ||      ||      ||----(2,7)
||      ||      ||      ||      ||      ||----(2,8)
||      ||      ||      ||      ||      ||----(3,8)
||      ||      ||      ||      ||      ||      ||----(4,7)
||      ||      ||      ||      ||      ||      ||      ||----(6,8)
||      ||      ||      ||      ||      ||      ||----(4,8)
||      ||      ||      ||      ||      ||      ||      ||----(5,9)
||      ||      ||      ||      ||      ||      ||      ||      ||----(6,9)
||      ||      ||      ||      ||      ||      ||----(7,7)
||      ||      ||      ||      ||      ||      ||      ||----(8,8)
||      ||      ||      ||      ||      ||      ||      ||----(7,8)
||      ||      ||      ||      ||      ||      ||      ||      ||----(8,9)
||      ||      ||      ||      ||      ||      ||----(3,9)
||      ||      ||      ||      ||      ||      ||----(2,9)
||      ||      ||      ||      ||      ||      ||----(4,9)
||      ||      ||      ||      ||      ||----(1,8)
||      ||      ||      ||      ||      ||      ||----(0,7)
||      ||      ||      ||      ||      ||      ||----(1,9)
||      ||      ||      ||      ||      ||      ||----(0,8)
||      ||      ||      ||      ||      ||      ||----(0,9)
||      ||      ||      ||      ||----(1,7)
||      ||      ||      ||      ||      ||----(0,3)
||      ||      ||      ||      ||      ||----(0,6)
||      ||      ||      ||      ||      ||      ||----(0,1)
||      ||      ||      ||      ||      ||      ||----(0,4)
||      ||      ||      ||----(2,2)
||      ||      ||      ||      ||----(1,3)
||      ||      ||      ||      ||----(1,2)
||      ||      ||      ||----(2,4)
||      ||      ||      ||      ||----(1,4)
||      ||      ||      ||      ||----(1,5)
||      ||----(4,3)
||      ||      ||----(3,2)
||      ||      ||----(4,2)
||      ||      ||      ||----(5,1)
||      ||      ||      ||      ||----(6,0)
||      ||      ||      ||      ||----(4,0)
||      ||      ||      ||      ||----(5,0)
||      ||      ||      ||----(3,1)
||      ||      ||      ||      ||----(2,0)
||      ||      ||      ||----(4,1)
||----(6,3)
||      ||----(6,2)
||      ||----(5,2)
||      ||      ||----(6,1)
||      ||      ||      ||----(7,0)
||      ||      ||      ||      ||----(8,0)
||      ||      ||      ||      ||      ||----(9,0)
||      ||----(7,2)
||----(7,4)
||----(7,5)
||----(6,5)
||      ||----(5,6)
||      ||----(7,6)
||      ||      ||----(5,7)
||----(5,3)
(9,8)
M M 3 M 1 0 1 2 3 2 
4 M 3 1 1 0 1 M M M 
M 3 2 1 0 0 1 2 3 2 
1 2 M 1 0 0 0 0 0 0 
1 2 1 1 0 0 0 1 1 1 
M 2 2 2 2 1 0 1 M 1 
2 M 2 M M 2 1 3 3 3 
1 1 2 2 3 3 M 2 M M 
0 0 0 0 1 M 3 3 4 3 
0 0 0 0 1 1 2 M 2 M 